[app/ui]
version = 7.1.0
modtime = 1532085097.730667700

[app/launcher]
version = 7.1.0
modtime = 1532085097.750220800
